101
  1.0000000e+000  4.5532200e+004  2.9710200e-002  6.7227412e+000
  1.1000000e+001  6.2702000e+002  3.7679800e-001  6.7227412e+000
  2.1000000e+001  1.0548000e+002  5.2329800e-001  6.6223529e+000
  3.1000000e+001  1.0782400e+002  5.9186000e-001  6.5285588e+000
  4.1000000e+001  1.0137800e+002  6.2702000e-001  6.4404824e+000
  5.1000000e+001  5.5904400e+001  6.5046000e-001  6.3562529e+000
  6.1000000e+001  3.4105200e+001  6.5632000e-001  6.2749529e+000
  7.1000000e+001  2.2268000e+001  6.6218000e-001  6.0574279e+000
  8.1000000e+001  1.5353200e+001  6.5632000e-001  5.9893588e+000
  9.1000000e+001  1.1016800e+001  6.5632000e-001  5.9287147e+000
  1.0100000e+002  8.2040000e+000  6.4460000e-001  5.8689706e+000
  1.1100000e+002  6.2702000e+000  6.3874000e-001  5.8092265e+000
  1.2100000e+002  4.8755200e+000  6.3288000e-001  5.7494824e+000
  1.3100000e+002  3.8793200e+000  6.2702000e-001  5.6897382e+000
  1.4100000e+002  3.1409600e+000  6.1530000e-001  5.6373918e+000
  1.5100000e+002  2.5784000e+000  6.0944000e-001  5.5870500e+000
  1.6100000e+002  2.1447600e+000  5.9772000e-001  5.5367082e+000
  1.7100000e+002  1.7990200e+000  5.9186000e-001  5.4863665e+000
  1.8100000e+002  1.5294600e+000  5.8482800e-001  5.4360247e+000
  1.9100000e+002  1.3126400e+000  5.7721000e-001  5.3923594e+000
  2.0100000e+002  1.1309800e+000  5.6959200e-001  5.3518118e+000
  2.1100000e+002  9.8448000e-001  5.6256000e-001  5.3112641e+000
  2.2100000e+002  8.6142000e-001  5.5552800e-001  5.2707165e+000
  2.3100000e+002  7.6180000e-001  5.4849600e-001  5.2301688e+000
  2.4100000e+002  6.7390000e-001  5.4205000e-001  5.1896212e+000
  2.5100000e+002  6.0358000e-001  5.3560400e-001  5.1490735e+000
  2.6100000e+002  5.3970600e-001  5.2915800e-001  5.1085259e+000
  2.7100000e+002  4.8579400e-001  5.2329800e-001  5.0679782e+000
  2.8100000e+002  4.3891400e-001  5.1685200e-001  5.0274306e+000
  2.9100000e+002  3.9789400e-001  5.1157800e-001  4.9910388e+000
  3.0100000e+002  3.6273400e-001  5.0571800e-001  4.9593059e+000
  3.1100000e+002  3.3109000e-001  5.0044400e-001  4.9275729e+000
  3.2100000e+002  3.0354800e-001  4.9517000e-001  4.8958400e+000
  3.3100000e+002  2.7952200e-001  4.8989600e-001  4.8641071e+000
  3.4100000e+002  2.5784000e-001  4.8520800e-001  4.8323741e+000
  3.5100000e+002  2.3850200e-001  4.7993400e-001  4.8006412e+000
  3.6100000e+002  2.2092200e-001  4.7524600e-001  4.7689082e+000
  3.7100000e+002  2.0510000e-001  4.7055800e-001  4.7371753e+000
  3.8100000e+002  1.9103600e-001  4.6645600e-001  4.7054424e+000
  3.9100000e+002  1.7873000e-001  4.6176800e-001  4.6752191e+000
  4.0100000e+002  1.6701000e-001  4.5766600e-001  4.6492647e+000
  4.1100000e+002  1.5646200e-001  4.5356400e-001  4.6233103e+000
  4.2100000e+002  1.4708600e-001  4.4946200e-001  4.5973559e+000
  4.3100000e+002  1.3829600e-001  4.4536000e-001  4.5714015e+000
  4.4100000e+002  1.3009200e-001  4.4184400e-001  4.5454471e+000
  4.5100000e+002  1.2306000e-001  4.3774200e-001  4.5194926e+000
  4.6100000e+002  1.1602800e-001  4.3422600e-001  4.4935382e+000
  4.7100000e+002  1.1016800e-001  4.3071000e-001  4.4675838e+000
  4.8100000e+002  1.0430800e-001  4.2719400e-001  4.4416294e+000
  4.9100000e+002  9.9034000e-002  4.2367800e-001  4.4157727e+000
  5.0100000e+002  9.3760000e-002  4.2016200e-001  4.3917326e+000
  5.1100000e+002  8.9658000e-002  4.1664600e-001  4.3699855e+000
  5.2100000e+002  8.5556000e-002  4.1371600e-001  4.3484164e+000
  5.3100000e+002  8.1454000e-002  4.1078600e-001  4.3268473e+000
  5.4100000e+002  7.7938000e-002  4.0727000e-001  4.3052783e+000
  5.5100000e+002  7.4422000e-002  4.0434000e-001  4.2837092e+000
  5.6100000e+002  7.0906000e-002  4.0141000e-001  4.2621401e+000
  5.7100000e+002  6.7976000e-002  3.9848000e-001  4.2405711e+000
  5.8100000e+002  6.5046000e-002  3.9555000e-001  4.2190020e+000
  5.9100000e+002  6.2702000e-002  3.9320600e-001  4.1974329e+000
  6.0100000e+002  6.0358000e-002  3.9027600e-001  4.1974000e+000
  6.1100000e+002  5.7838200e-002  3.8734600e-001  4.1974000e+000
  6.2100000e+002  5.5670000e-002  3.8500200e-001  4.1974000e+000
  6.3100000e+002  5.3560400e-002  3.8207200e-001  4.1974000e+000
  6.4100000e+002  5.1626600e-002  3.7972800e-001  4.1974000e+000
  6.5100000e+002  4.9751400e-002  3.7738400e-001  4.1974000e+000
  6.6100000e+002  4.7993400e-002  3.7504000e-001  4.1974000e+000
  6.7100000e+002  4.6352600e-002  3.7211000e-001  4.1974000e+000
  6.8100000e+002  4.4770400e-002  3.6976600e-001  4.1974000e+000
  6.9100000e+002  4.3246800e-002  3.6742200e-001  4.1974000e+000
  7.0100000e+002  4.1840400e-002  3.6507800e-001  4.1974000e+000
  7.1100000e+002  4.0551200e-002  3.6332000e-001  4.1974000e+000
  7.2100000e+002  3.9262000e-002  3.6097600e-001  4.1974000e+000
  7.3100000e+002  3.8031400e-002  3.5863200e-001  4.1974000e+000
  7.4100000e+002  3.6918000e-002  3.5628800e-001  4.1974000e+000
  7.5100000e+002  3.5863200e-002  3.5453000e-001  4.1974000e+000
  7.6100000e+002  3.4808400e-002  3.5218600e-001  4.1974000e+000
  7.7100000e+002  3.3812200e-002  3.4984200e-001  4.1974000e+000
  7.8100000e+002  3.2874600e-002  3.4808400e-001  4.1974000e+000
  7.9100000e+002  3.1995600e-002  3.4574000e-001  4.1974000e+000
  8.0100000e+002  3.1175200e-002  3.4398200e-001  4.1974000e+000
  8.1100000e+002  3.0354800e-002  3.4222400e-001  4.1974000e+000
  8.2100000e+002  2.9593000e-002  3.3988000e-001  4.1974000e+000
  8.3100000e+002  2.8831200e-002  3.3812200e-001  4.1974000e+000
  8.4100000e+002  2.8128000e-002  3.3636400e-001  4.1974000e+000
  8.5100000e+002  2.7483400e-002  3.3460600e-001  4.1974000e+000
  8.6100000e+002  2.6838800e-002  3.3284800e-001  4.1974000e+000
  8.7100000e+002  2.6194200e-002  3.3050400e-001  4.1974000e+000
  8.8100000e+002  2.5608200e-002  3.2874600e-001  4.1974000e+000
  8.9100000e+002  2.5022200e-002  3.2698800e-001  4.1974000e+000
  9.0100000e+002  2.4436200e-002  3.2523000e-001  4.1974000e+000
  9.1100000e+002  2.3850200e-002  3.2405800e-001  4.1974000e+000
  9.2100000e+002  2.3322800e-002  3.2230000e-001  4.1974000e+000
  9.3100000e+002  2.2795400e-002  3.2054200e-001  4.1974000e+000
  9.4100000e+002  2.2268000e-002  3.1878400e-001  4.1974000e+000
  9.5100000e+002  2.1799200e-002  3.1702600e-001  4.1974000e+000
  9.6100000e+002  2.1330400e-002  3.1585400e-001  4.1974000e+000
  9.7100000e+002  2.0861600e-002  3.1409600e-001  4.1974000e+000
  9.8100000e+002  2.0392800e-002  3.1292400e-001  4.1974000e+000
  9.9100000e+002  1.9924000e-002  3.1116600e-001  4.1974000e+000
  1.0000000e+003  1.9513800e-002  3.0999400e-001  4.1974000e+000
