93
1.00000000e+00 5.91240000e+04 4.08183000e-02 4.19740000e+00
1.25000000e+00 3.80895000e+04 5.75322000e-02 4.26053353e+00
1.50000000e+00 2.66058000e+04 7.50420000e-02 4.32366706e+00
1.75000000e+00 1.92153000e+04 9.24381000e-02 4.38680059e+00
2.00000000e+00 1.44399000e+04 1.09379400e-01 4.44993412e+00
2.24200000e+00 1.12563000e+04 1.25070000e-01 4.51104737e+00
2.48400000e+00 1.56906000e+04 1.40988000e-01 4.57216063e+00
2.48400000e+00 1.56906000e+04 1.40988000e-01 4.57216063e+00
2.48400000e+00 1.56906000e+04 1.40988000e-01 4.57216063e+00
2.50900000e+00 1.71687000e+04 1.42125000e-01 4.57847398e+00
2.53400000e+00 1.85331000e+04 1.44399000e-01 4.58478734e+00
2.56000000e+00 2.02386000e+04 1.45536000e-01 4.59135322e+00
2.58600000e+00 2.77428000e+04 1.47810000e-01 4.59791911e+00
2.58600000e+00 2.77428000e+04 1.47810000e-01 4.59791911e+00
2.58600000e+00 2.77428000e+04 1.47810000e-01 4.59791911e+00
2.79300000e+00 2.46729000e+04 1.60317000e-01 4.65019367e+00
3.00000000e+00 2.21715000e+04 1.72824000e-01 4.70246824e+00
3.03300000e+00 2.16030000e+04 1.75098000e-01 4.71080186e+00
3.06600000e+00 2.10345000e+04 1.77372000e-01 4.71913549e+00
3.06600000e+00 2.10345000e+04 1.77372000e-01 4.71913549e+00
3.18300000e+00 2.21715000e+04 1.84194000e-01 4.74868198e+00
3.30100000e+00 2.02386000e+04 1.91016000e-01 4.77848100e+00
3.42700000e+00 1.85331000e+04 1.98975000e-01 4.81030030e+00
3.55400000e+00 1.69413000e+04 2.05797000e-01 4.84237214e+00
3.55400000e+00 1.69413000e+04 2.05797000e-01 4.84237214e+00
3.62700000e+00 1.70550000e+04 2.10345000e-01 4.86080713e+00
3.69900000e+00 1.62591000e+04 2.14893000e-01 4.87898958e+00
3.77500000e+00 1.54632000e+04 2.18304000e-01 4.89818218e+00
3.85100000e+00 1.54632000e+04 2.22852000e-01 4.91737477e+00
3.85100000e+00 1.54632000e+04 2.22852000e-01 4.91737477e+00
3.85100000e+00 1.54632000e+04 2.22852000e-01 4.91737477e+00
3.92500000e+00 1.47810000e+04 2.27400000e-01 4.93606229e+00
4.00000000e+00 1.40988000e+04 2.31948000e-01 4.95500235e+00
4.50000000e+00 1.06082100e+04 2.59236000e-01 5.08126941e+00
5.00000000e+00 8.20914000e+03 2.86524000e-01 5.20753647e+00
5.50000000e+00 6.48090000e+03 3.12675000e-01 5.33380353e+00
6.00000000e+00 5.23020000e+03 3.37689000e-01 5.46007059e+00
7.00000000e+00 3.54744000e+03 3.86580000e-01 5.71260471e+00
8.00000000e+00 2.53551000e+03 4.33197000e-01 5.96513882e+00
9.00000000e+00 1.87605000e+03 4.76403000e-01 6.21767294e+00
1.00000000e+01 1.43262000e+03 5.16198000e-01 6.47020706e+00
1.15200000e+01 9.89190000e+02 5.69637000e-01 6.71752099e+00
1.30400000e+01 1.79646000e+03 6.18528000e-01 6.70226198e+00
1.30400000e+01 1.79646000e+03 6.18528000e-01 6.70226198e+00
1.30400000e+01 1.79646000e+03 6.18528000e-01 6.70226198e+00
1.40200000e+01 1.47810000e+03 6.46953000e-01 6.69242393e+00
1.50000000e+01 1.22796000e+03 6.73104000e-01 6.68258588e+00
1.51000000e+01 1.20522000e+03 6.75378000e-01 6.68158200e+00
1.52000000e+01 1.64865000e+03 6.77652000e-01 6.68057812e+00
1.52000000e+01 1.64865000e+03 6.77652000e-01 6.68057812e+00
1.52000000e+01 1.64865000e+03 6.77652000e-01 6.68057812e+00
1.53600000e+01 1.61454000e+03 6.82200000e-01 6.67897191e+00
1.55300000e+01 1.56906000e+03 6.86748000e-01 6.67726531e+00
1.57000000e+01 1.52358000e+03 6.91296000e-01 6.67555871e+00
1.58600000e+01 1.48947000e+03 6.94707000e-01 6.67395249e+00
1.58600000e+01 1.48947000e+03 6.94707000e-01 6.67395249e+00
1.58800000e+01 1.71687000e+03 6.95844000e-01 6.67375172e+00
1.59000000e+01 1.71687000e+03 6.95844000e-01 6.67355094e+00
1.79500000e+01 1.26207000e+03 7.43598000e-01 6.65297135e+00
2.00000000e+01 9.55080000e+02 7.84530000e-01 6.63239176e+00
2.50000000e+01 5.29842000e+02 8.68668000e-01 6.58483529e+00
3.00000000e+01 3.28593000e+02 9.35751000e-01 6.53793824e+00
3.50000000e+01 2.17167000e+02 9.86916000e-01 6.49332824e+00
4.00000000e+01 1.51221000e+02 1.02557400e+00 6.44929000e+00
4.50000000e+01 1.10289000e+02 1.05513600e+00 6.40679059e+00
5.00000000e+01 8.28873000e+01 1.07787600e+00 6.36467588e+00
5.50000000e+01 6.38994000e+01 1.09493100e+00 6.32373294e+00
6.00000000e+01 5.03691000e+01 1.10630100e+00 6.28308294e+00
7.00000000e+01 3.29730000e+01 1.12221900e+00 6.06633892e+00
8.00000000e+01 2.28537000e+01 1.12790400e+00 5.99616574e+00
8.40000000e+01 2.00112000e+01 1.12904100e+00 5.97116559e+00
8.80000000e+01 1.76235000e+01 1.12904100e+00 5.94690794e+00
8.81000000e+01 8.32284000e+01 1.12904100e+00 5.94630150e+00
9.40000000e+01 7.00392000e+01 1.12790400e+00 5.91079147e+00
1.00000000e+02 5.95788000e+01 1.12449300e+00 5.87494500e+00
1.25000000e+02 3.33141000e+01 1.10516400e+00 5.72558471e+00
1.50000000e+02 2.05797000e+01 1.07787600e+00 5.59208418e+00
1.75000000e+02 1.37577000e+01 1.04945100e+00 5.46622976e+00
2.00000000e+02 9.61902000e+00 1.01988900e+00 5.35586653e+00
2.50000000e+02 5.34390000e+00 9.63039000e-01 5.15312829e+00
3.00000000e+02 3.33141000e+00 9.14148000e-01 4.96247918e+00
3.50000000e+02 2.25126000e+00 8.69805000e-01 4.80381447e+00
4.00000000e+02 1.61454000e+00 8.31147000e-01 4.65186015e+00
4.23800000e+02 1.39851000e+00 8.14092000e-01 4.59008865e+00
4.47700000e+02 1.22796000e+00 7.98174000e-01 4.52805760e+00
4.73900000e+02 1.06650600e+00 7.81119000e-01 4.46005704e+00
5.00000000e+02 9.39162000e-01 7.65201000e-01 4.39413663e+00
5.05500000e+02 9.15285000e-01 7.62927000e-01 4.38194640e+00
5.11000000e+02 8.91408000e-01 7.59516000e-01 4.36998546e+00
5.55500000e+02 7.33365000e-01 7.34502000e-01 4.27400311e+00
6.00000000e+02 6.15117000e-01 7.11762000e-01 4.19740329e+00
8.00000000e+02 3.26319000e-01 6.29898000e-01 4.19740000e+00
1.00000000e+03 2.05797000e-01 5.67363000e-01 4.19740000e+00
