151
   11.000000000       3.657211825       0.158780253	6.720600
   21.000000000       0.463777104       0.178028020	6.618400
   31.000000000       0.130709564       0.182707725	6.523000
   41.000000000       0.052276014       0.182243021	6.433400
   51.000000000       0.025479628       0.179696281	6.347700
   61.000000000       0.014107592       0.176356293	6.265400
   71.000000000       0.008543290       0.172724128	6.189400
   81.000000000       0.005527962       0.169049631	6.114050
   91.000000000       0.003763872       0.165452123	6.044550
  101.000000000       0.002668644       0.161979976	5.975900
  111.000000000       0.001955551       0.158652810	5.914900
  121.000000000       0.001472832       0.155476142	5.853900
  131.000000000       0.001135243       0.152448321	5.792900
  141.000000000       0.000892532       0.149564023	5.731900
  151.000000000       0.000713833       0.146816242	5.671860
  161.000000000       0.000579531       0.144197734	5.620460
  171.000000000       0.000476776       0.141702176	5.569060
  181.000000000       0.000396903       0.139323011	5.517660
  191.000000000       0.000333936       0.137053603	5.466260
  201.000000000       0.000283658       0.134887230	5.415860
  211.000000000       0.000243048       0.132817436	5.374460
  221.000000000       0.000209899       0.130837320	5.333060
  231.000000000       0.000182581       0.128940633	5.291660
  241.000000000       0.000159869       0.127121665	5.250260
  251.000000000       0.000140835       0.125375239	5.208860
  261.000000000       0.000124763       0.123696603	5.167460
  271.000000000       0.000111099       0.122081458	5.126060
  281.000000000       0.000099408       0.120525840	5.084660
  291.000000000       0.000089345       0.119026165	5.043260
  301.000000000       0.000080637       0.117579085	5.002760
  311.000000000       0.000073062       0.116181589	4.970360
  321.000000000       0.000066440       0.114831132	4.937960
  331.000000000       0.000060626       0.113525240	4.905560
  341.000000000       0.000055499       0.112261620	4.873160
  351.000000000       0.000050960       0.111038191	4.840760
  361.000000000       0.000046927       0.109852974	4.808360
  371.000000000       0.000043331       0.108704065	4.775960
  381.000000000       0.000040112       0.107589798	4.743560
  391.000000000       0.000037223       0.106508494	4.711160
  401.000000000       0.000034622       0.105458670	4.679350
  411.000000000       0.000032274       0.104438737	4.652850
  421.000000000       0.000030148       0.103447161	4.626350
  431.000000000       0.000028220       0.102482330	4.599850
  441.000000000       0.000026467       0.101542881	4.573350
  451.000000000       0.000024870       0.100627522	4.546850
  461.000000000       0.000023412       0.099735017	4.520350
  471.000000000       0.000022078       0.098864243	4.493850
  481.000000000       0.000020855       0.098014205	4.467350
  491.000000000       0.000019733       0.097183949	4.440850
  501.000000000       0.000018701       0.096372561	4.414545
  511.000000000       0.000017749       0.095579231	4.390000
  521.000000000       0.000016869       0.094803430	4.194000
  531.000000000       0.000016054       0.094044645	4.194000
  541.000000000       0.000015295       0.093302289	4.194000
  551.000000000       0.000014587       0.092575916	4.194000
  561.000000000       0.000013926       0.091865019	4.194000
  571.000000000       0.000013306       0.091169190	4.194000
  581.000000000       0.000012724       0.090487908	4.194000
  591.000000000       0.000012176       0.089820742	4.194000
  601.000000000       0.000011659       0.089167364	4.194000
  611.000000000       0.000011171       0.088527225	4.194000
  621.000000000       0.000010711       0.087899944	4.194000
  631.000000000       0.000010277       0.087285031	4.194000
  641.000000000       0.000009868       0.086682085	4.194000
  651.000000000       0.000009484       0.086090652	4.194000
  661.000000000       0.000009123       0.085510344	4.194000
  671.000000000       0.000008783       0.084940806	4.194000
  681.000000000       0.000008465       0.084381709	4.194000
  691.000000000       0.000008166       0.083832645	4.194000
  701.000000000       0.000007885       0.083293354	4.194000
  711.000000000       0.000007622       0.082763485	4.194000
  721.000000000       0.000007375       0.082242794	4.194000
  731.000000000       0.000007144       0.081730998	4.194000
  741.000000000       0.000006928       0.081227777	4.194000
  751.000000000       0.000006725       0.080732915	4.194000
  761.000000000       0.000006536       0.080246122	4.194000
  771.000000000       0.000006359       0.079767243	4.194000
  781.000000000       0.000006194       0.079295994	4.194000
  791.000000000       0.000006040       0.078832205	4.194000
  801.000000000       0.000005896       0.078375585	4.194000
  811.000000000       0.000005761       0.077926008	4.194000
  821.000000000       0.000005635       0.077483288	4.194000
  831.000000000       0.000005515       0.077047188	4.194000
  841.000000000       0.000005401       0.076617542	4.194000
  851.000000000       0.000005290       0.076194211	4.194000
  861.000000000       0.000005182       0.075776978	4.194000
  871.000000000       0.000005076       0.075365710	4.194000
  881.000000000       0.000004971       0.074960214	4.194000
  891.000000000       0.000004867       0.074560406	4.194000
  901.000000000       0.000004763       0.074166095	4.194000
  911.000000000       0.000004659       0.073777168	4.194000
  921.000000000       0.000004554       0.073393499	4.194000
  931.000000000       0.000004448       0.073014933	4.194000
  941.000000000       0.000004340       0.072641349	4.194000
  951.000000000       0.000004231       0.072272659	4.194000
  961.000000000       0.000004120       0.071908706	4.194000
  971.000000000       0.000004008       0.071549446	4.194000
  981.000000000       0.000003894       0.071194685	4.194000
  991.000000000       0.000003779       0.070844358	4.194000
 1001.000000000       0.000003662       0.070498388	4.194000
 1011.000000000       0.000003546       0.070156672	4.194000
 1021.000000000       0.000003434       0.069819121	4.194000
 1031.000000000       0.000003333       0.069485713	4.194000
 1041.000000000       0.000003241       0.069156343	4.194000
 1051.000000000       0.000003159       0.068830908	4.194000
 1061.000000000       0.000003083       0.068509347	4.194000
 1071.000000000       0.000003015       0.068191564	4.194000
 1081.000000000       0.000002952       0.067877507	4.194000
 1091.000000000       0.000002895       0.067567087	4.194000
 1101.000000000       0.000002842       0.067260185	4.194000
 1111.000000000       0.000002793       0.066956823	4.194000
 1121.000000000       0.000002748       0.066656829	4.194000
 1131.000000000       0.000002706       0.066360176	4.194000
 1141.000000000       0.000002666       0.066066824	4.194000
 1151.000000000       0.000002629       0.065776685	4.194000
 1161.000000000       0.000002594       0.065489685	4.194000
 1171.000000000       0.000002560       0.065205778	4.194000
 1181.000000000       0.000002528       0.064924891	4.194000
 1191.000000000       0.000002496       0.064647009	4.194000
 1201.000000000       0.000002466       0.064372042	4.194000
 1211.000000000       0.000002437       0.064099923	4.194000
 1221.000000000       0.000002408       0.063830623	4.194000
 1231.000000000       0.000002379       0.063564090	4.194000
 1241.000000000       0.000002350       0.063300242	4.194000
 1251.000000000       0.000002322       0.063039100	4.194000
 1261.000000000       0.000002293       0.062780547	4.194000
 1271.000000000       0.000002264       0.062524582	4.194000
 1281.000000000       0.000002236       0.062271212	4.194000
 1291.000000000       0.000002207       0.062020349	4.194000
 1301.000000000       0.000002179       0.061772004	4.194000
 1311.000000000       0.000002150       0.061526142	4.194000
 1321.000000000       0.000002122       0.061282738	4.194000
 1331.000000000       0.000002095       0.061041766	4.194000
 1341.000000000       0.000002067       0.060803219	4.194000
 1351.000000000       0.000002040       0.060567011	4.194000
 1361.000000000       0.000002013       0.060333172	4.194000
 1371.000000000       0.000001987       0.060101671	4.194000
 1381.000000000       0.000001961       0.059872476	4.194000
 1391.000000000       0.000001935       0.059645527	4.194000
 1401.000000000       0.000001910       0.059420854	4.194000
 1411.000000000       0.000001885       0.059198390	4.194000
 1421.000000000       0.000001861       0.058978130	4.194000
 1431.000000000       0.000001837       0.058760024	4.194000
 1441.000000000       0.000001814       0.058544086	4.194000
 1451.000000000       0.000001791       0.058330286	4.194000
 1461.000000000       0.000001769       0.058118565	4.194000
 1471.000000000       0.000001747       0.057908918	4.194000
 1481.000000000       0.000001726       0.057701332	4.194000
 1491.000000000       0.000001705       0.057495784	4.194000
 1501.000000000       0.000001684       0.057292206	4.194000
 1511.000000000       0.000001665       0.057090651	4.194000
